22
19
21
16
3
12
87
234
169
55
23
27
25
20
22
21
22
21
24
23
25
25
28
28
30
29
31
30
29
26
27
26
28
30
33
34
33
31
31
29
29
28
28
27
26
25
26
25
25
24
24
24
24
23
23
22
24
22
23
22
23
22
23
21
24
24
29
29
38
40
38
31
29
22
23
18
22
18
22
11
6
31
129
256
118
31
25
27
24
20
23
20
23
21
25
24
26
25
30
29
30
29
31
30
31
27
29
28
31
32
34
33
32
31
30
29
28
27
29
28
26
26
25
24
25
25
24
24
24
23
25
23
22
22
23
22
22
21
22
20
22
24
28
30
37
38
35
29
26
20
20
17
18
18
20
5
3
41
155
238
105
27
22
25
22
18
21
18
21
19
22
22
25
26
27
27
30
30
30
29
30
30
29
30
33
36
36
32
32
28
29
28
29
28
24
24
23
25
25
23
22
23
22
20
22
22
20
21
20
20
21
22
20
19
20
21
21
22
26
27
33
37
31
29
25
19
18
17
16
17
17
2
2
51
185
221
89
25
21
24
20
18
19
20
21
19
22
22
25
25
26
27
29
29
30
29
28
27
27
29
31
33
34
32
31
30
28
26
26
26
26
26
25
25
24
24
24
24
23
23
23
23
22
23
21
22
21
22
22
22
22
23
23
29
27
33
37
39
33
31
23
22
19
21
19
21
18
3
12
80
227
181
63
25
28
25
21
22
21
22
22
24
23
25
25
27
28
30
29
31
30
29
28
27
25
28
31
33
33
33
31
30
29
29
28
27
28
27
27
26
25
25
25
25
25
25
25
25
24
25
25
26
24
25
23
24
23
25
25
30
30
37
40
42
35
32
25
24
21
22
20
21
18
5
14
80
222
179
64
26
28
26
22
23
22
23
23
25
24
26
26
29
28
30
31
31
31
31
29
29
28
30
32
35
35
34
33
31
29
29
29
28
28
27
26
25
26
25
25
24
23
23
24
23
22
22
23
21
23
21
22
21
21
20
22
26
28
31
37
37
34
29
25
19
20
18
20
18
20
7
6
43
155
235
103
28
23
26
24
20
23
22
24
22
25
25
27
27
30
29
31
31
31
31
31
31
32
31
33
35
36
35
35
31
31
30
30
30
29
29
28
26
27
25
25
25
24
25
25
25
24
24
22
23
22
22
22
22
22
21
20
21
23
29
27
33
36
37
29
28
20
20
17
18
16
16
12
0
7
78
222
172
65
22
22
22
18
20
19
19
20
22
20
22
23
26
25
28
30
31
27
30
29
29
29
31
33
36
34
31
31
31
30
28
25
28
27
25
25
26
25
22
23
25
24
23
22
22
22
24
22
21
20
22
18
21
21
19
20
20
24
27
28
35
37
32
28
23
20
19
17
19
17
18
5
2
45
170
233
98
26
23
25
23
20
21
21
23
23
24
24
26
26
28
28
31
31
31
31
31
29
29
28
30
32
34
33
31
29
28
28
27
26
26
26
25
25
25
24
25
24
25
24
23
23
22
21
22
22
22
21
23
22
22
20
22
22
27
27
33
37
38
31
29
22
22
18
20
18
20
14
1
11
86
237
165
54
24
26
23
18
20
18
21
20
22
22
24
25
28
26
29
29
31
29
29
27
25
25
27
30
33
33
32
30
29
28
28
28
27
27
27
27
25
26
26
26
25
24
24
23
24
23
23
23
24
22
22
22
22
22
23
24
29
28
33
37
39
33
31
24
22
20
21
19
21
18
5
11
76
214
187
67
24
27
25
21
21
20
22
22
23
23
25
25
28
28
29
30
31
31
31
29
28
27
29
32
35
36
34
32
31
31
29
30
30
30
29
29
28
27
26
26
26
25
25
25
25
24
25
24
26
25
25
23
25
24
25
26
31
29
40
39
40
34
31
22
23
19
20
18
21
15
4
17
96
238
154
52
23
26
25
21
21
19
22
21
24
24
27
25
27
26
29
29
31
31
31
28
29
27
29
31
32
32
32
30
29
27
27
25
25
26
25
25
25
24
24
23
22
22
23
22
22
21
19
21
22
21
22
19
20
19
19
22
28
27
34
37
33
27
26
19
20
18
20
15
18
7
3
34
149
247
114
29
22
26
22
19
21
20
22
22
23
24
25
25
29
29
31
31
31
31
32
31
31
30
32
33
36
34
31
28
29
29
26
25
26
26
25
24
25
24
23
24
24
23
22
21
21
21
19
20
20
20
20
21
20
20
21
26
27
30
35
38
33
31
24
22
19
20
19
20
18
4
7
68
208
202
76
